Calling reconstruct
atomLocationSize: 1024
projShape0: 31
projShape1: 31
atomLocations: 694.862|74.6||695.309|94.0007||695.756|113.401||696.203|132.802||696.65|152.203||697.097|171.604||697.544|191.004||697.991|210.405||698.438|229.806||698.885|249.206||699.332|268.607||699.779|288.008||700.226|307.409||700.673|326.809||701.12|346.21||701.567|365.611||702.015|385.011||702.462|404.412||702.909|423.813||703.356|443.214||703.803|462.614||704.25|482.015||704.697|501.416||705.144|520.816||705.591|540.217||706.038|559.618||706.485|579.019||706.932|598.419||707.379|617.82||707.826|637.221||708.273|656.621||708.72|676.022||674.747|74.916||675.194|94.3167||675.641|113.717||676.088|133.118||676.535|152.519||676.982|171.92||677.429|191.32||677.876|210.721||678.323|230.122||678.77|249.522||679.217|268.923||679.664|288.324||680.111|307.725||680.558|327.125||681.005|346.526||681.452|365.927||681.899|385.327||682.346|404.728||682.793|424.129||683.24|443.53||683.688|462.93||684.135|482.331||684.582|501.732||685.029|521.132||685.476|540.533||685.923|559.934||686.37|579.335||686.817|598.735||687.264|618.136||687.711|637.537||688.158|656.937||688.605|676.338||654.632|75.2319||655.079|94.6327||655.526|114.033||655.973|133.434||656.42|152.835||656.867|172.236||657.314|191.636||657.761|211.037||658.208|230.438||658.655|249.838||659.102|269.239||659.549|288.64||659.996|308.041||660.443|327.441||660.89|346.842||661.337|366.243||661.784|385.643||662.231|405.044||662.678|424.445||663.125|443.846||663.572|463.246||664.019|482.647||664.466|502.048||664.914|521.448||665.361|540.849||665.808|560.25||666.255|579.651||666.702|599.051||667.149|618.452||667.596|637.853||668.043|657.253||668.49|676.654||634.516|75.5479||634.963|94.9487||635.411|114.349||635.858|133.75||636.305|153.151||636.752|172.552||637.199|191.952||637.646|211.353||638.093|230.754||638.54|250.154||638.987|269.555||639.434|288.956||639.881|308.357||640.328|327.757||640.775|347.158||641.222|366.559||641.669|385.959||642.116|405.36||642.563|424.761||643.01|444.162||643.457|463.562||643.904|482.963||644.351|502.364||644.798|521.764||645.245|541.165||645.692|560.566||646.139|579.967||646.587|599.367||647.034|618.768||647.481|638.169||647.928|657.569||648.375|676.97||614.401|75.8639||614.848|95.2647||615.295|114.665||615.742|134.066||616.189|153.467||616.637|172.868||617.084|192.268||617.531|211.669||617.978|231.07||618.425|250.47||618.872|269.871||619.319|289.272||619.766|308.673||620.213|328.073||620.66|347.474||621.107|366.875||621.554|386.275||622.001|405.676||622.448|425.077||622.895|444.478||623.342|463.878||623.789|483.279||624.236|502.68||624.683|522.08||625.13|541.481||625.577|560.882||626.024|580.283||626.471|599.683||626.918|619.084||627.365|638.485||627.813|657.885||628.26|677.286||594.286|76.1799||594.733|95.5806||595.18|114.981||595.627|134.382||596.074|153.783||596.521|173.184||596.968|192.584||597.415|211.985||597.862|231.386||598.31|250.786||598.757|270.187||599.204|289.588||599.651|308.989||600.098|328.389||600.545|347.79||600.992|367.191||601.439|386.591||601.886|405.992||602.333|425.393||602.78|444.794||603.227|464.194||603.674|483.595||604.121|502.996||604.568|522.396||605.015|541.797||605.462|561.198||605.909|580.599||606.356|599.999||606.803|619.4||607.25|638.801||607.697|658.201||608.144|677.602||574.171|76.4959||574.618|95.8966||575.065|115.297||575.512|134.698||575.959|154.099||576.406|173.5||576.853|192.9||577.3|212.301||577.747|231.702||578.194|251.102||578.641|270.503||579.088|289.904||579.536|309.305||579.983|328.705||580.43|348.106||580.877|367.507||581.324|386.907||581.771|406.308||582.218|425.709||582.665|445.11||583.112|464.51||583.559|483.911||584.006|503.312||584.453|522.712||584.9|542.113||585.347|561.514||585.794|580.915||586.241|600.315||586.688|619.716||587.135|639.117||587.582|658.517||588.029|677.918||554.056|76.8119||554.503|96.2126||554.95|115.613||555.397|135.014||555.844|154.415||556.291|173.816||556.738|193.216||557.185|212.617||557.632|232.018||558.079|251.418||558.526|270.819||558.973|290.22||559.42|309.621||559.867|329.021||560.314|348.422||560.761|367.823||561.209|387.223||561.656|406.624||562.103|426.025||562.55|445.426||562.997|464.826||563.444|484.227||563.891|503.628||564.338|523.028||564.785|542.429||565.232|561.83||565.679|581.231||566.126|600.631||566.573|620.032||567.02|639.433||567.467|658.833||567.914|678.234||533.941|77.1279||534.388|96.5286||534.835|115.929||535.282|135.33||535.729|154.731||536.176|174.131||536.623|193.532||537.07|212.933||537.517|232.334||537.964|251.734||538.411|271.135||538.858|290.536||539.305|309.937||539.752|329.337||540.199|348.738||540.646|368.139||541.093|387.539||541.54|406.94||541.987|426.341||542.434|445.742||542.882|465.142||543.329|484.543||543.776|503.944||544.223|523.344||544.67|542.745||545.117|562.146||545.564|581.547||546.011|600.947||546.458|620.348||546.905|639.749||547.352|659.149||547.799|678.55||513.826|77.4439||514.273|96.8446||514.72|116.245||515.167|135.646||515.614|155.047||516.061|174.447||516.508|193.848||516.955|213.249||517.402|232.65||517.849|252.05||518.296|271.451||518.743|290.852||519.19|310.253||519.637|329.653||520.084|349.054||520.531|368.455||520.978|387.855||521.425|407.256||521.872|426.657||522.319|446.058||522.766|465.458||523.213|484.859||523.66|504.26||524.108|523.66||524.555|543.061||525.002|562.462||525.449|581.863||525.896|601.263||526.343|620.664||526.79|640.065||527.237|659.465||527.684|678.866||493.71|77.7599||494.157|97.1606||494.605|116.561||495.052|135.962||495.499|155.363||495.946|174.763||496.393|194.164||496.84|213.565||497.287|232.966||497.734|252.366||498.181|271.767||498.628|291.168||499.075|310.569||499.522|329.969||499.969|349.37||500.416|368.771||500.863|388.171||501.31|407.572||501.757|426.973||502.204|446.374||502.651|465.774||503.098|485.175||503.545|504.576||503.992|523.976||504.439|543.377||504.886|562.778||505.333|582.179||505.781|601.579||506.228|620.98||506.675|640.381||507.122|659.781||507.569|679.182||473.595|78.0759||474.042|97.4766||474.489|116.877||474.936|136.278||475.383|155.679||475.831|175.079||476.278|194.48||476.725|213.881||477.172|233.282||477.619|252.682||478.066|272.083||478.513|291.484||478.96|310.884||479.407|330.285||479.854|349.686||480.301|369.087||480.748|388.487||481.195|407.888||481.642|427.289||482.089|446.69||482.536|466.09||482.983|485.491||483.43|504.892||483.877|524.292||484.324|543.693||484.771|563.094||485.218|582.495||485.665|601.895||486.112|621.296||486.559|640.697||487.006|660.097||487.454|679.498||453.48|78.3919||453.927|97.7926||454.374|117.193||454.821|136.594||455.268|155.995||455.715|175.395||456.162|194.796||456.609|214.197||457.056|233.598||457.504|252.998||457.951|272.399||458.398|291.8||458.845|311.2||459.292|330.601||459.739|350.002||460.186|369.403||460.633|388.803||461.08|408.204||461.527|427.605||461.974|447.006||462.421|466.406||462.868|485.807||463.315|505.208||463.762|524.608||464.209|544.009||464.656|563.41||465.103|582.811||465.55|602.211||465.997|621.612||466.444|641.013||466.891|660.413||467.338|679.814||433.365|78.7079||433.812|98.1086||434.259|117.509||434.706|136.91||435.153|156.311||435.6|175.711||436.047|195.112||436.494|214.513||436.941|233.914||437.388|253.314||437.835|272.715||438.282|292.116||438.729|311.516||439.177|330.917||439.624|350.318||440.071|369.719||440.518|389.119||440.965|408.52||441.412|427.921||441.859|447.322||442.306|466.722||442.753|486.123||443.2|505.524||443.647|524.924||444.094|544.325||444.541|563.726||444.988|583.127||445.435|602.527||445.882|621.928||446.329|641.329||446.776|660.729||447.223|680.13||413.25|79.0239||413.697|98.4246||414.144|117.825||414.591|137.226||415.038|156.627||415.485|176.027||415.932|195.428||416.379|214.829||416.826|234.23||417.273|253.63||417.72|273.031||418.167|292.432||418.614|311.832||419.061|331.233||419.508|350.634||419.955|370.035||420.403|389.435||420.85|408.836||421.297|428.237||421.744|447.637||422.191|467.038||422.638|486.439||423.085|505.84||423.532|525.24||423.979|544.641||424.426|564.042||424.873|583.443||425.32|602.843||425.767|622.244||426.214|641.645||426.661|661.045||427.108|680.446||393.135|79.3399||393.582|98.7406||394.029|118.141||394.476|137.542||394.923|156.943||395.37|176.343||395.817|195.744||396.264|215.145||396.711|234.546||397.158|253.946||397.605|273.347||398.052|292.748||398.499|312.148||398.946|331.549||399.393|350.95||399.84|370.351||400.287|389.751||400.734|409.152||401.181|428.553||401.628|447.953||402.076|467.354||402.523|486.755||402.97|506.156||403.417|525.556||403.864|544.957||404.311|564.358||404.758|583.759||405.205|603.159||405.652|622.56||406.099|641.961||406.546|661.361||406.993|680.762||373.02|79.6559||373.467|99.0566||373.914|118.457||374.361|137.858||374.808|157.259||375.255|176.659||375.702|196.06||376.149|215.461||376.596|234.862||377.043|254.262||377.49|273.663||377.937|293.064||378.384|312.464||378.831|331.865||379.278|351.266||379.725|370.667||380.172|390.067||380.619|409.468||381.066|428.869||381.513|448.269||381.96|467.67||382.407|487.071||382.854|506.472||383.301|525.872||383.749|545.273||384.196|564.674||384.643|584.074||385.09|603.475||385.537|622.876||385.984|642.277||386.431|661.677||386.878|681.078||352.904|79.9719||353.351|99.3726||353.799|118.773||354.246|138.174||354.693|157.575||355.14|176.975||355.587|196.376||356.034|215.777||356.481|235.178||356.928|254.578||357.375|273.979||357.822|293.38||358.269|312.78||358.716|332.181||359.163|351.582||359.61|370.983||360.057|390.383||360.504|409.784||360.951|429.185||361.398|448.585||361.845|467.986||362.292|487.387||362.739|506.788||363.186|526.188||363.633|545.589||364.08|564.99||364.527|584.39||364.975|603.791||365.422|623.192||365.869|642.593||366.316|661.993||366.763|681.394||332.789|80.2879||333.236|99.6886||333.683|119.089||334.13|138.49||334.577|157.891||335.024|177.291||335.472|196.692||335.919|216.093||336.366|235.494||336.813|254.894||337.26|274.295||337.707|293.696||338.154|313.096||338.601|332.497||339.048|351.898||339.495|371.299||339.942|390.699||340.389|410.1||340.836|429.501||341.283|448.901||341.73|468.302||342.177|487.703||342.624|507.104||343.071|526.504||343.518|545.905||343.965|565.306||344.412|584.706||344.859|604.107||345.306|623.508||345.753|642.909||346.2|662.309||346.648|681.71||312.674|80.6038||313.121|100.005||313.568|119.405||314.015|138.806||314.462|158.207||314.909|177.607||315.356|197.008||315.803|216.409||316.25|235.81||316.698|255.21||317.145|274.611||317.592|294.012||318.039|313.412||318.486|332.813||318.933|352.214||319.38|371.615||319.827|391.015||320.274|410.416||320.721|429.817||321.168|449.217||321.615|468.618||322.062|488.019||322.509|507.42||322.956|526.82||323.403|546.221||323.85|565.622||324.297|585.022||324.744|604.423||325.191|623.824||325.638|643.225||326.085|662.625||326.532|682.026||292.559|80.9198||293.006|100.321||293.453|119.721||293.9|139.122||294.347|158.523||294.794|177.923||295.241|197.324||295.688|216.725||296.135|236.126||296.582|255.526||297.029|274.927||297.476|294.328||297.923|313.728||298.371|333.129||298.818|352.53||299.265|371.931||299.712|391.331||300.159|410.732||300.606|430.133||301.053|449.533||301.5|468.934||301.947|488.335||302.394|507.736||302.841|527.136||303.288|546.537||303.735|565.938||304.182|585.338||304.629|604.739||305.076|624.14||305.523|643.541||305.97|662.941||306.417|682.342||272.444|81.2358||272.891|100.637||273.338|120.037||273.785|139.438||274.232|158.839||274.679|178.239||275.126|197.64||275.573|217.041||276.02|236.442||276.467|255.842||276.914|275.243||277.361|294.644||277.808|314.044||278.255|333.445||278.702|352.846||279.149|372.247||279.596|391.647||280.044|411.048||280.491|430.449||280.938|449.849||281.385|469.25||281.832|488.651||282.279|508.052||282.726|527.452||283.173|546.853||283.62|566.254||284.067|585.654||284.514|605.055||284.961|624.456||285.408|643.857||285.855|663.257||286.302|682.658||252.329|81.5518||252.776|100.953||253.223|120.353||253.67|139.754||254.117|159.155||254.564|178.555||255.011|197.956||255.458|217.357||255.905|236.758||256.352|256.158||256.799|275.559||257.246|294.96||257.693|314.36||258.14|333.761||258.587|353.162||259.034|372.563||259.481|391.963||259.928|411.364||260.375|430.765||260.822|450.165||261.27|469.566||261.717|488.967||262.164|508.368||262.611|527.768||263.058|547.169||263.505|566.57||263.952|585.97||264.399|605.371||264.846|624.772||265.293|644.173||265.74|663.573||266.187|682.974||232.214|81.8678||232.661|101.269||233.108|120.669||233.555|140.07||234.002|159.471||234.449|178.871||234.896|198.272||235.343|217.673||235.79|237.074||236.237|256.474||236.684|275.875||237.131|295.276||237.578|314.676||238.025|334.077||238.472|353.478||238.919|372.879||239.366|392.279||239.813|411.68||240.26|431.081||240.707|450.481||241.154|469.882||241.601|489.283||242.048|508.684||242.495|528.084||242.943|547.485||243.39|566.886||243.837|586.286||244.284|605.687||244.731|625.088||245.178|644.489||245.625|663.889||246.072|683.29||212.098|82.1838||212.545|101.585||212.993|120.985||213.44|140.386||213.887|159.787||214.334|179.187||214.781|198.588||215.228|217.989||215.675|237.39||216.122|256.79||216.569|276.191||217.016|295.592||217.463|314.992||217.91|334.393||218.357|353.794||218.804|373.195||219.251|392.595||219.698|411.996||220.145|431.397||220.592|450.797||221.039|470.198||221.486|489.599||221.933|509||222.38|528.4||222.827|547.801||223.274|567.202||223.721|586.602||224.168|606.003||224.616|625.404||225.063|644.805||225.51|664.205||225.957|683.606||191.983|82.4998||192.43|101.901||192.877|121.301||193.324|140.702||193.771|160.103||194.218|179.503||194.666|198.904||195.113|218.305||195.56|237.706||196.007|257.106||196.454|276.507||196.901|295.908||197.348|315.308||197.795|334.709||198.242|354.11||198.689|373.511||199.136|392.911||199.583|412.312||200.03|431.713||200.477|451.113||200.924|470.514||201.371|489.915||201.818|509.316||202.265|528.716||202.712|548.117||203.159|567.518||203.606|586.918||204.053|606.319||204.5|625.72||204.947|645.121||205.394|664.521||205.842|683.922||171.868|82.8158||172.315|102.217||172.762|121.617||173.209|141.018||173.656|160.419||174.103|179.819||174.55|199.22||174.997|218.621||175.444|238.022||175.891|257.422||176.339|276.823||176.786|296.224||177.233|315.624||177.68|335.025||178.127|354.426||178.574|373.827||179.021|393.227||179.468|412.628||179.915|432.029||180.362|451.429||180.809|470.83||181.256|490.231||181.703|509.632||182.15|529.032||182.597|548.433||183.044|567.834||183.491|587.234||183.938|606.635||184.385|626.036||184.832|645.437||185.279|664.837||185.726|684.238||151.753|83.1318||152.2|102.533||152.647|121.933||153.094|141.334||153.541|160.735||153.988|180.135||154.435|199.536||154.882|218.937||155.329|238.338||155.776|257.738||156.223|277.139||156.67|296.54||157.117|315.94||157.565|335.341||158.012|354.742||158.459|374.143||158.906|393.543||159.353|412.944||159.8|432.345||160.247|451.745||160.694|471.146||161.141|490.547||161.588|509.948||162.035|529.348||162.482|548.749||162.929|568.15||163.376|587.55||163.823|606.951||164.27|626.352||164.717|645.753||165.164|665.153||165.611|684.554||131.638|83.4478||132.085|102.849||132.532|122.249||132.979|141.65||133.426|161.051||133.873|180.451||134.32|199.852||134.767|219.253||135.214|238.654||135.661|258.054||136.108|277.455||136.555|296.856||137.002|316.256||137.449|335.657||137.896|355.058||138.343|374.459||138.79|393.859||139.238|413.26||139.685|432.661||140.132|452.061||140.579|471.462||141.026|490.863||141.473|510.264||141.92|529.664||142.367|549.065||142.814|568.466||143.261|587.866||143.708|607.267||144.155|626.668||144.602|646.069||145.049|665.469||145.496|684.87||111.523|83.7638||111.97|103.165||112.417|122.565||112.864|141.966||113.311|161.367||113.758|180.767||114.205|200.168||114.652|219.569||115.099|238.97||115.546|258.37||115.993|277.771||116.44|297.172||116.887|316.572||117.334|335.973||117.781|355.374||118.228|374.775||118.675|394.175||119.122|413.576||119.569|432.977||120.016|452.377||120.463|471.778||120.911|491.179||121.358|510.58||121.805|529.98||122.252|549.381||122.699|568.782||123.146|588.182||123.593|607.583||124.04|626.984||124.487|646.385||124.934|665.785||125.381|685.186||91.4076|84.0798||91.8546|103.48||92.3016|122.881||92.7487|142.282||93.1957|161.683||93.6428|181.083||94.0898|200.484||94.5368|219.885||94.9839|239.286||95.4309|258.686||95.878|278.087||96.325|297.488||96.772|316.888||97.2191|336.289||97.6661|355.69||98.1132|375.091||98.5602|394.491||99.0072|413.892||99.4543|433.293||99.9013|452.693||100.348|472.094||100.795|491.495||101.242|510.896||101.689|530.296||102.137|549.697||102.584|569.098||103.031|588.498||103.478|607.899||103.925|627.3||104.372|646.701||104.819|666.101||105.266|685.502||71.2924|84.3958||71.7395|103.796||72.1865|123.197||72.6335|142.598||73.0806|161.999||73.5276|181.399||73.9747|200.8||74.4217|220.201||74.8687|239.602||75.3158|259.002||75.7628|278.403||76.2099|297.804||76.6569|317.204||77.1039|336.605||77.551|356.006||77.998|375.407||78.4451|394.807||78.8921|414.208||79.3391|433.609||79.7862|453.009||80.2332|472.41||80.6802|491.811||81.1273|511.212||81.5743|530.612||82.0214|550.013||82.4684|569.414||82.9154|588.814||83.3625|608.215||83.8095|627.616||84.2566|647.017||84.7036|666.417||85.1506|685.818||
psfSupersample: 1
imageProjectSize: 1
imageProjs_local: 0|0|0|0|0|0|0|0|0|0|0|0|0|0|0|0|0|0|0|0|0|0|0|0|0|0|0|0|0|0|0|0|0|0|0|0|0|0|0|0|0|0|0|0|0|0|0|0|0|0|0|0|0|0|0|0|0|0|0|0|0|0|0|0|0|0|0|0|0|0|0|0|0|0|0|0|0|0|0|0|0|0|0|0|0|0|0|0|0|0|0|0|0|0|0|0|0|0|0|0|0|0|0|0|0|0|0|0|0|0|0|0|0|0|0|0|0|0|0|0|0|0|0|0|0|0|0|0|0|0|0|0|0|0|0|0|0|0|0|0|0|0|0|0|0|0|0|0|0|0|0|0|0|0|0|0|0|0|0|0|0|0|0|0|0|0|0|0|0|0|0|0|0|0|0|0|0|0|0|0|0|0|0|0|0|0|0|0|0|0|0|0|-0.0111926|-0.00806641|-0.00570486|-0.00767137|-0.00826553|-0.00335748|-0.000171625|0.00664531|0.00570644|0.00684238|0.00286359|-0.00559559|-0.0184335|-0.0215432|-0.0238034|-0.0222954|-0.0226807|-0.0234992|-0.0252159|0|0|0|0|0|0|0|0|0|0|0|0|-0.00886947|-0.00160754|0.00731211|0.00862147|0.00598635|0.0193189|0.0342875|0.0518144|0.0655845|0.0701646|0.0567541|0.0382187|0.0190114|0.00394635|-0.00248979|-0.00577736|-0.0111|-0.0153281|-0.0174288|0|0|0|0|0|0|0|0|0|0|0|0|0.00149727|0.00779095|0.0175208|0.0232546|0.0311217|0.0654858|0.106556|0.157317|0.193603|0.201095|0.176134|0.135226|0.0903439|0.0549396|0.0301367|0.0124689|1.40332e-05|-0.00272401|-0.00351888|0|0|0|0|0|0|0|0|0|0|0|0|0.00781119|0.0196603|0.0242236|0.038943|0.0788893|0.151817|0.232437|0.322304|0.388065|0.391738|0.358717|0.286579|0.21157|0.136029|0.0844084|0.0490496|0.0239118|0.0145563|0.00992605|0|0|0|0|0|0|0|0|0|0|0|0|0.0140312|0.0247591|0.0400011|0.0798126|0.153158|0.258689|0.379879|0.501354|0.58406|0.602336|0.556592|0.464702|0.360621|0.258678|0.171501|0.103687|0.0565656|0.0311462|0.0231137|0|0|0|0|0|0|0|0|0|0|0|0|0.0249299|0.0411236|0.0685997|0.137433|0.242924|0.361063|0.504932|0.656407|0.775029|0.819253|0.766583|0.647504|0.507485|0.385534|0.273033|0.172653|0.0971463|0.0493211|0.034254|0|0|0|0|0|0|0|0|0|0|0|0|0.0316401|0.0550086|0.110458|0.194884|0.312871|0.444413|0.611026|0.833458|1.05266|1.15222|1.07656|0.871668|0.657452|0.492371|0.363502|0.247626|0.140367|0.0754692|0.0499632|0|0|0|0|0|0|0|0|0|0|0|0|0.0490636|0.0822524|0.157519|0.26106|0.377236|0.51849|0.756397|1.12199|1.49743|1.67427|1.54184|1.17855|0.815187|0.573594|0.425817|0.304974|0.187843|0.103697|0.0629131|0|0|0|0|0|0|0|0|0|0|0|0|0.0624797|0.108673|0.19737|0.314808|0.428034|0.596075|0.920721|1.44472|1.9815|2.23043|2.01656|1.48875|0.961797|0.626023|0.458416|0.333499|0.211498|0.114859|0.0693962|0|0|0|0|0|0|0|0|0|0|0|0|0.0715473|0.12014|0.222003|0.337354|0.455142|0.642936|1.01064|1.60578|2.21295|2.47129|2.19841|1.5876|1.0002|0.635236|0.458875|0.33347|0.214373|0.120114|0.0687319|0|0|0|0|0|0|0|0|0|0|0|0|0.0701083|0.11728|0.221737|0.337388|0.459748|0.636675|0.968844|1.48123|2.00728|2.21443|1.9608|1.42236|0.91135|0.591127|0.424889|0.310973|0.194364|0.111847|0.0665182|0|0|0|0|0|0|0|0|0|0|0|0|0.0606635|0.0988065|0.190869|0.309239|0.429847|0.583986|0.821659|1.17717|1.52656|1.64998|1.47612|1.10859|0.749914|0.5196|0.376897|0.258926|0.157316|0.0904744|0.0523944|0|0|0|0|0|0|0|0|0|0|0|0|0.0470046|0.0752908|0.144555|0.249426|0.367677|0.48759|0.654953|0.866247|1.06367|1.142|1.04497|0.823675|0.611477|0.439998|0.310582|0.194375|0.108551|0.0589069|0.0333741|0|0|0|0|0|0|0|0|0|0|0|0|0.0359779|0.0555818|0.0984594|0.177103|0.273105|0.378062|0.508429|0.64504|0.766714|0.816187|0.763777|0.644572|0.499418|0.360563|0.237154|0.13525|0.0676839|0.0349297|0.0226681|0|0|0|0|0|0|0|0|0|0|0|0|0.0226855|0.0310578|0.0547664|0.100357|0.169132|0.256862|0.360866|0.458624|0.551953|0.598731|0.573242|0.494123|0.373445|0.256632|0.153802|0.0786983|0.0376955|0.0263714|0.0164042|0|0|0|0|0|0|0|0|0|0|0|0|0.0093811|0.0132392|0.0215204|0.0444085|0.0827409|0.140513|0.212089|0.285898|0.353835|0.38732|0.377591|0.318714|0.227658|0.142224|0.0807795|0.0456096|0.0277123|0.0189999|0.0112285|0|0|0|0|0|0|0|0|0|0|0|0|-0.00817474|-0.000241352|0.00449079|0.00964967|0.0256851|0.0515708|0.0924724|0.137203|0.174084|0.193281|0.191652|0.155869|0.10269|0.0603407|0.0329129|0.0190136|0.0173306|0.0121843|0.00443631|0|0|0|0|0|0|0|0|0|0|0|0|-0.0176092|-0.0147434|-0.0112049|-0.00957912|-0.00415561|0.00130792|0.0184025|0.0357118|0.053831|0.0672609|0.0659749|0.0514855|0.0289545|0.0143782|0.010284|0.00843639|0.00530466|0.0041239|-0.00204452|0|0|0|0|0|0|0|0|0|0|0|0|-0.0228575|-0.0245714|-0.0218503|-0.0244664|-0.0216375|-0.02189|-0.0210124|-0.0105802|-0.00294017|0.00898093|0.00682231|0.00403112|-0.00369456|-0.0103769|-0.0110315|-0.0059443|-0.00902514|-0.0116492|-0.00686857|0|0|0|0|0|0|0|0|0|0|0|0|0|0|0|0|0|0|0|0|0|0|0|0|0|0|0|0|0|0|0|0|0|0|0|0|0|0|0|0|0|0|0|0|0|0|0|0|0|0|0|0|0|0|0|0|0|0|0|0|0|0|0|0|0|0|0|0|0|0|0|0|0|0|0|0|0|0|0|0|0|0|0|0|0|0|0|0|0|0|0|0|0|0|0|0|0|0|0|0|0|0|0|0|0|0|0|0|0|0|0|0|0|0|0|0|0|0|0|0|0|0|0|0|0|0|0|0|0|0|0|0|0|0|0|0|0|0|0|0|0|0|0|0|0|0|0|0|0|0|0|0|0|0|0|0|0|0|0|0|0|0|0|0|0|0|0|0|0|0|0|0|0|0|0|0|0|0|0|0|0|0|0|0|0|0|0|0|0|0|0|0|
imageProjs: 116.47|
fullImage_row: 768
fullImage_col: 768
Returning reconstruct
